No. 0099 雜阿含經
	目錄
		一
			1
			2
			3
			4
			5
			6
			7
			8
			9
			10
			11
			12
			13
			14
			15
			16
			17
			18
			19
			20
			21
			22
			23
			24
			25
			26
			27
			28
			29
			30
			31
			32
		二
			33
			34
			35
			36
			37
			38
			39
			40
			41
			42
			43
			44
			45
			46
			47
			48
			49
			50
			51
			52
			53
			54
			55
			56
			57
			58
		三
			59
			60
			61
			62
			63
			64
			65
			66
			67
			68
			69
			70
			71
			72
			73
			74
			75
			76
			77
			78
			79
			80
			81
			82
			83
			84
			85
			86
			87
		四
			88
			89
			90
			91
			92
			93
			94
			95
			96
			97
			98
			99
			100
			101
			102
		五
			103
			104
			105
			106
			107
			108
			109
			110
		六
			111
			112
			113
			114
			115
			116
			117
			118
			119
			120
			121
			122
			123
			124
			125
			126
			127
			128
			129
			130
			131
			132
			133
			134
			135
			136
			137
			138
		七
			139
			140-141
			142
			143-144
			145
			146
			147
			148
			149
			150
			151
			152
			153
			154
			155
			156
			157
			158
			159
			160
			161
			162
			163
			164
			165
			166
			167
			168
			169
			170
			171
			172
			173
			174
			175
			176
			177
			178
			179
			180
			181
			182
			183
			184
			185
			186
			187
		八
			188
			189
			190
			191
			192
			193
			194
			195
			196
			197
			198
			199
			200
			201
			202
			203
			204
			205
			206
			207
			208
			209
			210
			211
			212
			213
			214
			215
			216
			217
			218
			219
			220
			221
			222
			223
			224
			225
			226
			227
			228
			229
		九
			230
			231
			232
			233
			234
			235
			236
			237
			238
			239
			240
			241
			242
			243
			244
			245
			246
			247
			248
			249
			250
			251
			252
			253
			254
			255
		一○
			256
			257
			258
			259
			260
			261
			262
			263
			264
			265
			266
			267
			268
			269
			270
			271
			272
		一一
			273
			274
			275
			276
			277
			278
			279
			280
			281
			282
		一二
			283
			284
			285
			286
			287
			288
			289
			290
			291
			292
			293
			294
			295
			296
			297
			298
			299
			300
			301
			302
			303
		一三
			304
			305
			306
			307
			308
			309
			310
			311
			312
			313
			314
			315
			316
			317
			318
			319
			320
			321
			322
			323
			324
			325
			326
			327
			328
			329
			330
			331
			332
			333
			334
			335
			336
			337
			338
			339
			340
			341
			342
		一四
			343
			344
			345
			346
			347
			348
			349
			350
			351
			352
			353
			354
			355
			356
			357
			358
			359
			360
			361
			362
			363
			364
		一五
			365
			366
			367
			368
			369
			370
			371
			372
			373
			374
			375
			376
			377
			378
			379
			380
			381
			382
			383
			384
			385
			386
			387
			388
			389
			390
			391
			392
			393
			394
			395
			396
			397
			398
			399
			400
			401
			402
			403
			404
			405
			406
		一六
			407
			408
			409
			410
			411
			412
			413
			414
			415
			416
			417
			418
			419
			420
			421
			422
			423
			424
			425
			426
			427
			428
			429
			430
			431
			432
			433
			434
			435
			436
			437
			438
			439
			440
			441
			442
			443
			444
			445
			446
			447
			448
			449
			450
			451
			452
			453
			454
		一七
			456
			457
			458
			459
			460
			461
			462
			463
			464
			465
			466
			467
			468
			469
			470
			471
			472
			473
			474
			475
			476
			477
			478
			479
			480
			481
			482
			483
			484
			485
			486
			487
			488
			489
			455
		一八
			490
			491
			492
			493
			494
			495
			496
			497
			498
			499
			500
			501
			502
			503
		一九
			504
			505
			506
			507
			508
			509
			510
			511
			512
			513
			514
			515
			516
			517
			518
			519
			520
			521
			522
			523
			524
			525
			526
			527
			528
			529
			530
			531
			532
			533
			534
			535
			536
		二○
			537
			538
			539
			540
			541
			542
			543
			544
			545
			546
			547
			548
			549
			550
			551
			552
			553
			554
			555
			556
			557
			558
		二一
			559
			560
			561
			562
			563
			564
			565
			566
			567
			568
			569
			570
			571
			572
			573
			574
			575
		二二
			576
			577
			578
			579
			580
			581
			582
			583
			584
			585
			586
			587
			588
			589
			590
			591
			592
			593
			594
			595
			596
			597
			598
			599
			600
			601
			602
			603
		二三
			604
		二四
			605
			606
			607
			608
			609
			610
			611
			612
			613
			614
			615
			616
			617
			618
			619
			620
			621
			622
			623
			624
			625
			626
			627
			628
			629
			630
			631
			632
			633
			634
			635
			636
			637
			638
			639
		二五
			640
			641
		二六
			642
			643
			644
			645
			646
			647
			648
			649
			650
			651
			652
			653
			654
			655
			656
			657
			658
			659
			660
			661
			662
			663
			664
			665
			666
			667
			668
			669
			670
			671
			672
			673
			674
			675
			676
			677
			678
			679
			680
			681
			682
			683
			684
			685
			686
			687
			688
			689
			690
			691
			692
			693
			694
			695
			696
			697
			698
			699
			700
			701
			702
			703
			704
			705
			706
			707
			708
			709
			710
			711
		二七
			712
			713
			714
			715
			716
			717
			718
			719
			720
			721
			722
			723
			724
			725
			726
			727
			728
			729
			730
			731
			732
			733
			734
			735
			736
			737
			738
			739
			740
			741
			742
			743
			744
			745
			746
			747
		二八
			748
			749
			750
			751
			752
			753
			754
			755-7
			758
			759
			760
			761
			762
			763
			764
			765
			766
			767
			768
			769
			770
			771
			772-4
			775
			776
			777
			778
			779
			780
			781
			782
			783
			784
			785
			786
			787
			788
			789
			790
			791
			792
			793
			794
			795
			796
		二九
			797
			798
			799
			800
			801
			802
			803
			804
			805
			806
			807
			808
			809
			810
			811-812
			813
			814
			815
			816
			817
			818
			819
			820
			821
			822
			823
			824
			825
			826
			827
			828
			829
		三○
			830
			831
			832
			833
			834
			835
			836
			837
			838
			839
			840
			841
			842
			843
			844
			845
			846
			847
			848
			849
			850
			851
			852
			853
			854
			855
			856
			857
			858
			859
			860
		三一
			861
			862
			863
			864
			865
			866
			867
			868
			869
			870
			871
			872
			873
			874
			875
			876
			877
			878
			879
			880
			881
			882
			883
			884
			885
			886
			887
			888
			889
			890
			891
			892
			893
			894
			895
			896
			897
			898
			899
			900
			901
			902
			903
			904
		三二
			905
			906
			907
			908
			909
			910
			911
			912
			913
			914
			915
			916
			917
			918
		三三
			919
			920
			921
			922
			923
			924
			925
			926
			927
			928
			929
			930
			931
			932
			933
			934
			935
			936
			937
			938
			939
		三四
			940
			941
			942
			943
			944
			945
			946
			947
			948
			949
			950
			951
			952
			953
			954
			955
			956
			957
			958
			959
			960
			961
			962
			963
			964
			965
			966
			967
			968
			969
		三五
			970
			971
			972
			973
			974
			975
			976
			977
			978
			979
			980
			981
			982
			983
			984
			985
			986
			987
			988
			989
			990
			991
			992
		三六
			993
			994
			995
			996
			997
			998
			999
			1000
			1001
			1002
			1003
			1004
			1005
			1006
			1007
			1008
			1009
			1010
			1011
			1012
			1013
			1014
			1015
			1016
			1017
			1018
			1019
			1020
			1021
			1022
		三七
			1023
			1024
			1025
			1026
			1027
			1028
			1029
			1030
			1031
			1032
			1033
			1034
			1035
			1036
			1037
			1038
			1039
			1040
			1041
			1042
			1043
			1044
			1045
			1046
			1047
			1048
			1049
			1050
			1051
			1052
			1053
			1054
			1055
			1056
			1057
			1058
			1059
			1060
			1061
		三八
			1062
			1063
			1064
			1065
			1066
			1067
			1068
			1069
			1070
			1071
			1072
			1073
			1074
			1075
			1076
			1077
			1078
			1079
			1080
		三九
			1081
			1082
			1083
			1084
			1085
			1086
			1087
			1088
			1089
			1090
			1091
			1092
			1093
			1094
			1095
			1096
			1097
			1098
			1099
			1100
			1101
			1102
			1103
		四○
			1104
			1105
			1106
			1107
			1108
			1109
			1110
			1111
			1112
			1113
			1114
			1115
			1116
			1117
			1118
			1119
			1120
		四一
			1121
			1122
			1123
			1124
			1125
			1126
			1127
			1128
			1129
			1130
			1131
			1132
			1133
			1134
			1135
			1136
			1137
			1138
			1139
			1140
			1141
			1142
			1143
			1144
		四二
			1145
			1146
			1147
			1148
			1149
			1150
			1151
			1152
			1153
			1154
			1155
			1156
			1157
			1158
			1159
			1160
			1161
			1162
			1163
		四三
			1164
			1165
			1166
			1167
			1168
			1169
			1170
			1171
			1172
			1173
			1174
			1175
			1176
			1177
		四四
			1178
			1179
			1180
			1181
			1182
			1183
			1184
			1185
			1186
			1187
			1188
			1189
			1190
			1191
			1192
			1193
			1194
			1195
			1196
			1197
		四五
			1198
			1199
			1200
			1201
			1202
			1203
			1204
			1205
			1206
			1207
			1208
			1209
			1210
			1211
			1212
			1213
			1214
			1215
			1216
			1217
			1218
			1219
			1220
			1221
		四六
			1222
			1223
			1224
			1225
			1226
			1227
			1228
			1229
			1230
			1231
			1232
			1233
			1234
			1235
			1236
			1237
			1238
			1239
			1240
		四七
			1241
			1242
			1243
			1244
			1245
			1246
			1247
			1248
			1249
			1250
			1251
			1252
			1253
			1254
			1255
			1256
			1257
			1258
			1259
			1260
			1261
			1262
			1263
			1264
			1265
			1266
		四八
			1267
			1268
			1269
			1270
			1271
			1272
			1273
			1274
			1275
			1276
			1277
			1278
			1279
			1280
			1281
			1282
			1283
			1284
			1285
			1286
			1287
			1288
			1289
			1290
			1291
			1292
			1293
		四九
			1294
			1295
			1296
			1297
			1298
			1299
			1300
			1301
			1302
			1303
			1304
			1305
			1306
			1307
			1308
			1309
			1310
			1311
			1312
			1313
			1314
			1315
			1316
			1317
			1318
			1319
			1320
			1321
			1322
			1323
			1324
		五○
			1325
			1326
			1327
			1328
			1329
			1330
			1331
			1332
			1333
			1334
			1335
			1336
			1337
			1338
			1339
			1340
			1341
			1342
			1343
			1344
			1345
			1346
			1347
			1348
			1349
			1350
			1351
			1352
			1353
			1354
			1355
			1356
			1357
			1358
			1359
			1360
			1361
			1362
	卷數
		第 001 卷
		第 002 卷
		第 003 卷
		第 004 卷
		第 005 卷
		第 006 卷
		第 007 卷
		第 008 卷
		第 009 卷
		第 010 卷
		第 011 卷
		第 012 卷
		第 013 卷
		第 014 卷
		第 015 卷
		第 016 卷
		第 017 卷
		第 018 卷
		第 019 卷
		第 020 卷
		第 021 卷
		第 022 卷
		第 023 卷
		第 024 卷
		第 025 卷
		第 026 卷
		第 027 卷
		第 028 卷
		第 029 卷
		第 030 卷
		第 031 卷
		第 032 卷
		第 033 卷
		第 034 卷
		第 035 卷
		第 036 卷
		第 037 卷
		第 038 卷
		第 039 卷
		第 040 卷
		第 041 卷
		第 042 卷
		第 043 卷
		第 044 卷
		第 045 卷
		第 046 卷
		第 047 卷
		第 048 卷
		第 049 卷
		第 050 卷
No. 0100 別譯雜阿含經
	目錄
		1 初誦
			1
			2
			3
			4
			5
			6
			7
			8
			9
			10
			11
			12
			13
			14
			15
			16
			17
			18
			19
			20
			21
			22
		2 初誦
			23
			24
			25
			26
			27
			28
			29
			30
			31
			32
			33
			34
			35
			36
			37
			38
			39
			40
			41
			42
		3 初誦
			43
			44
			45
			46
			47
			48
			49
			50
			51
			52
			53
			54
			55
			56
			57
			58
			59
			60
			61
			62
		4 初誦
			63
			64
			65
			66
			67
			68
			69
			70
			71
			72
			73
			74
			75
			76
			77
			78
			79
			80
			81
			82
			83
		5 初誦
			84
			85
			86
			87
			88
			89
			90
			91
			92
			93
			94
			95
			96
			97
			98
			99
			100
			101
			102
			103
			104
			105
			106
			107
			108
			109
			110
		1 二誦
			111
			112
			113
			114
			115
			116
			117
			118
			119
			120
			121
		2 二誦
			122
			123
			124
			125
			126
			127
			128
			129
			130
			131
			132
			133
			134
			135
			136
			137
			138
			139
			140
			141
			142
			143
			144
			145
			146
			147
			148
			149
			150
			151
			152
			153
			154
			155
			156
			157
			158
			159
			160
			161
			162
			163
			164
			165
			166
			167
			168
			169
			170
			171
			172
			173
			174
			175
			176
			177
			178
			179
			180
			181
			182
			183
			184
			185
			186
			187
			188
			189
			190
			191
			192
			193
			194
			195
			196
			197
			198
			199
			200
			201
			202
			203
			204
			205
			206
			207
			208
			209
			210
			211
			212
			213
			214
			215
			216
			217
			218
			219
			220
			221
			222
			223
			224
			225
			226
			227
			228
			229
			230
			231
			232
			233
			234
			235
			236
			237
			238
			239
			240
			241
			242
			243
			244
			245
			246
			247
			248
			249
			250
			251
			252
			253
			254
			255
			256
			257
			258
			259
			260
			261
			262
			263
			264
			265
			266
			267
			268
			269
			270
			271
			272
			273
			274
			275
			276
			277
			278
			279
			280
			281
			282
			283
			284
			285
			286
			287
			288
			289
			290
			291
			292
			293
			294
			295
			296
			297
			298
			299
			300
			301
			302
			303
			304
			305
			306
			307
			308
			309
			310
			311
			312
			313
			314
			315
			316
			317
			318
			319
			320
			321
			322
			323
			324
			325
			326
			327
			328
			329
			330
			331
			332
			333
			334
			335
			336
			337
			338
			339
			340
			341
			342
			343
			344
			345
			346
			347
			348
			349
			350
			351
			352
			353
			354
			355
			356
			357
			358
			359
			360
			361
			362
			363
			364
	卷數
		第 001 卷
		第 002 卷
		第 003 卷
		第 004 卷
		第 005 卷
		第 006 卷
		第 007 卷
		第 008 卷
		第 009 卷
		第 010 卷
		第 011 卷
		第 012 卷
		第 013 卷
		第 014 卷
		第 015 卷
		第 016 卷
No. 0101 雜阿含經
	目錄
		1
		2
		3
		4
		5
		6
		7
		8
		9
		10
		11
		12
		13
		14
		15
		16
		17
		18
		19
		20
		21
		22
		23
		24
		25
		26
		27 佛說七處三觀經
	卷數
		第 001 卷
No. 0102 佛說五蘊皆空經
	卷數
		第 001 卷
No. 0103 佛說聖法印經
	卷數
		第 001 卷
No. 0104 佛說法印經
	卷數
		第 001 卷
No. 0105 五陰譬喻經
	卷數
		第 001 卷
No. 0106 佛說水沫所漂經
	卷數
		第 001 卷
No. 0107 佛說不自守意經
	卷數
		第 001 卷
No. 0108 佛說滿願子經
	卷數
		第 001 卷
No. 0109 佛說轉法輪經
	卷數
		第 001 卷
No. 0110 佛說三轉法輪經
	卷數
		第 001 卷
No. 0111 佛說相應相可經
	卷數
		第 001 卷
No. 0112 佛說八正道經
	卷數
		第 001 卷
No. 0113 佛說難提釋經
	卷數
		第 001 卷
No. 0114 佛說馬有三相經
	卷數
		第 001 卷
No. 0115 佛說馬有八態譬人經
	卷數
		第 001 卷
No. 0116 佛說戒德香經
	卷數
		第 001 卷
No. 0117 佛說戒香經
	卷數
		第 001 卷
No. 0118 佛說鴦掘摩經
	卷數
		第 001 卷
No. 0119 佛說鴦崛髻經
	卷數
		第 001 卷
No. 0120 央掘魔羅經
	卷數
		第 001 卷
		第 002 卷
		第 003 卷
		第 004 卷
No. 0121 佛說月喻經
	卷數
		第 001 卷
No. 0122 佛說波斯匿王太后崩塵土坌身經
	卷數
		第 001 卷
No. 0123 佛說放牛經
	卷數
		第 001 卷
No. 0124 緣起經
	卷數
		第 001 卷
No. 0125 增壹阿含經
	目錄
		序
		1 序品
		2 十念品
			1
			2
			3
			4
			5
			6
			7
			8
			9
			10
		3 廣演品
			1
			2
			3
			4
			5
			6
			7
			8
			9
			10
		4 弟子品
			1
			2
			3
			4
			5
			6
			7
			8
			9
			10
		5 比丘尼品
			1
			2
			3
			4
			5
		6 清信士品
			1
			2
			3
			4
		7 清信女品
			1
			2
			3
		8 阿須倫品
			1
			2
			3
			4
			5
			6
			7
			8
			9
			10
		9 一子品
			1
			2
			3
			4
			5
			6
			7
			8
			9
			10
		10 護心品
			1
			2
			3
			4
			5
			6
			7
			8
			9
			10
		11 不逮品
			1
			2
			3
			4
			5
			6
			7
			8
			9
			10
		12 壹入道品
			1
			2
			3
			4
			5
			6
			7
			8
			9
			10
		13 利養品
			1
			2
			3
			4
			5
			6
			7
		14 五戒品
			1
			2
			3
			4
			5
			6
			7
			8
			9
			10
		15 有無品
			1
			2
			3
			4
			5
			6
			7
			8
			9
			10
		16 火滅品
			1
			2
			3
			4
			5
			6
			7
			8
			9
			10
		17 安般品
			1
			2
			3
			4
			5
			6
			7
			8
			9
			10
			11
		18 慚愧品
			1
			2
			3
			4
			5
			6
			7
			8
			9
			10
		19 勸請品
			1
			2
			3
			4
			5
			6
			7
			8
			9
			10
			11
		20 善知識品
			1
			2
			3
			4
			5
			6
			7
			8
			9
			10
			11
			12
			13
		21 三寶品
			1
			2
			3
			4
			5
			6
			7
			8
			9
			10
		22 三供養品
			1
			2
			3
			4
			5
			6
			7
			8
			9
			10
		23 地主品
			1
			2
			3
			4
			5
			6
			7
			8
			9
			10
		24 高幢品
			1
			2
			3
			4
			5
			6
			7
			8
			9
			10
		25 四諦品
			1
			2
			3
			4
			5
			6
			7
			8
			9
			10
		26 四意斷品
			1
			2
			3
			4
			5
			6
			7
			8
			9
			10
		27 等趣四諦品
			1
			2
			3
			4
			5
			6
			7
			8
			9
			10
		28 聲聞品
			1
			2
			3
			4
			5
			6
			7
		29 苦樂品
			1
			2
			3
			4
			5
			6
			7
			8
			9
			10
		30 須陀品
			1
			2
			3
		31 增上品
			1
			2
			3
			4
			5
			6
			7
			8
			9
			10
			11
		32 善聚品
			1
			2
			3
			4
			5
			6
			7
			8
			9
			10
			11
			12
		33 五王品
			1
			2
			3
			4
			5
			6
			7
			8
			9
			10
		34 等見品
			1
			2
			3
			4
			5
			6
			7
			8
			9
			10
		35 邪聚品
			1
			2
			3
			4
			5
			6
			7
			8
			9
			10
		36 聽法品
			1
			2
			3
			4
			5
		37 六重品
			1
			2
			3
			4
			5
			6
			7
			8
			9
			10
		38 力品
			1
			2
			3
			4
			5
			6
			7
			8
			9
			10
			11
			12
		39 等法品
			1
			2
			3
			4
			5
			6
			7
			8
			9
			10
		40 七日品
			1
			2
			3
			4
			5
			6
			7
			8
			9
			10
		41 莫畏品
			1
			2
			3
			4
			5
		42 八難品
			1
			2
			3
			4
			5
			6
			7
			8
			9
			10
		43 馬血天子問八政品
			1
			2
			3
			4
			5
			6
			7
			8
			9
			10
		44 九眾生居品
			1
			2
			3
			4
			5
			6
			7
			8
			9
			10
			11
		45 馬王品
			1
			2
			3
			4
			5
			6
			7
		46 結禁品
			1
			2
			3
			4
			6
			7
			8
			9
			10
		47 善惡品
			1
			2
			3
			4
			5
			6
			7
			8
			9
			10
		48 十不善品
			1
			2
			3
			4
			5
			6
		49 放牛品
			1
			2
			3
			4
			5
			6
			7
			8
			9
			10
		50 禮三寶品
			1
			2
			3
			4
			5
			6
			7
			8
			9
			10
		51 非常品
			1
			2
			3
			4
			5
			6
			7
			8
			9
			10
		52 大愛道般涅槃品
			1
			2
			3
			4
			5
			6
			7
			8
			9
	卷數
		第 001 卷
		第 002 卷
		第 003 卷
		第 004 卷
		第 005 卷
		第 006 卷
		第 007 卷
		第 008 卷
		第 009 卷
		第 010 卷
		第 011 卷
		第 012 卷
		第 013 卷
		第 014 卷
		第 015 卷
		第 016 卷
		第 017 卷
		第 018 卷
		第 019 卷
		第 020 卷
		第 021 卷
		第 022 卷
		第 023 卷
		第 024 卷
		第 025 卷
		第 026 卷
		第 027 卷
		第 028 卷
		第 029 卷
		第 030 卷
		第 031 卷
		第 032 卷
		第 033 卷
		第 034 卷
		第 035 卷
		第 036 卷
		第 037 卷
		第 038 卷
		第 039 卷
		第 040 卷
		第 041 卷
		第 042 卷
		第 043 卷
		第 044 卷
		第 045 卷
		第 046 卷
		第 047 卷
		第 048 卷
		第 049 卷
		第 050 卷
		第 051 卷
No. 0126 佛說阿羅漢具德經
	卷數
		第 001 卷
No. 0127 佛說四人出現世間經
	卷數
		第 001 卷
No. 0128a 須摩提女經
	卷數
		第 001 卷
No. 0128b 須摩提女經
	卷數
		第 001 卷
No. 0129 佛說三摩竭經
	卷數
		第 001 卷
No. 0130 佛說給孤長者女得度因緣經
	卷數
		第 001 卷
		第 002 卷
		第 003 卷
No. 0131 佛說婆羅門避死經
	卷數
		第 001 卷
No. 0132a 佛說食施獲五福報經
	卷數
		第 001 卷
No. 0132b 施食獲五福報經
	卷數
		第 001 卷
No. 0133 頻毘娑羅王詣佛供養經
	卷數
		第 001 卷
No. 0134 佛說長者子六過出家經
	卷數
		第 001 卷
No. 0135 佛說力士移山經
	卷數
		第 001 卷
No. 0136 佛說四未曾有法經
	卷數
		第 001 卷
No. 0137 舍利弗摩訶目連遊四衢經
	卷數
		第 001 卷
No. 0138 佛說十一想思念如來經
	卷數
		第 001 卷
No. 0139 佛說四泥犁經
	卷數
		第 001 卷
No. 0140 阿那邠邸化七子經
	卷數
		第 001 卷
No. 0141 佛說阿\x{906c}達經
	卷數
		第 001 卷
No. 0142a 佛說玉耶女經
	卷數
		第 001 卷
No. 0142b 玉耶女經
	卷數
		第 001 卷
No. 0143 玉耶經
	卷數
		第 001 卷
No. 0144 佛說大愛道般泥洹經
	卷數
		第 001 卷
No. 0145 佛母般泥洹經
	卷數
		第 001 卷
No. 0146 舍衛國王夢見十事經
	卷數
		第 001 卷
No. 0147 佛說舍衛國王十夢經
	卷數
		第 001 卷
No. 0148 國王不梨先泥十夢經
	卷數
		第 001 卷
No. 0149 佛說阿難同學經
	卷數
		第 001 卷
No. 0150A 七處三觀經
	目錄
		1
		2
		3
		4
		5
		6
		7
		8
		9
		10
		11
		12
		13
		14
		15
		16
		17
		18
		19
		20
		21
		22
		23
		24
		25
		26
		27
		28
		29
		30 佛說積骨經
	卷數
		第 001 卷
No. 0150B 九橫經
	卷數
		第 001 卷
No. 0151 佛說阿含正行經
	卷數
		第 001 卷